sal_8_lc1vs0_iate,reg_pro
11167.868259257046,25.442805384741487
12771.957345204471,24.48031723822925
11841.187714049378,38.30479248816428
1617.968606159732,27.23029492891736
15376.371816342331,35.43969589984596
5270.188628254141,36.021807982956105
7810.821964283548,35.48794104479353
11454.249122621673,35.48794104479353
5223.773363349357,37.424879126959546
6858.561316999912,23.634277318491872
-9663.4070878394,20.98878429639096
13103.389880014722,26.28022836679576
12097.438624185723,23.634277318491872
9239.958723800342,39.70178544635895
13179.650120999831,29.0419683726385
15951.153664678171,33.9596994808174
7427.495471244962,36.18644355251131
-4119.966476765891,33.190710519682085
3457.031927894269,37.31673442662566
149.75301320187464,22.876594638877435
-7275.184140058531,39.70178544635895
9168.374599985376,36.3573875871551
-6527.476172219999,20.146641489655405
16253.066304441363,38.77222685532345
16422.098656896098,25.46180534860576
15321.748210100403,25.442805384741487
-3628.379001215382,36.18644355251131
-7685.339147035473,30.518765731198098
8542.158590066798,27.11781509568906
-7065.184392669895,35.48794104479353
13417.309769282514,37.31673442662566
12998.666689159658,24.48031723822925
2568.7150861865375,27.20170607688317
12279.068538371452,36.59621121258517
10663.407638331799,32.02921160100115
1095.661920499264,38.061462197476885
12067.22011312481,25.91532590252785
10386.52788096623,27.66410460043495
-8197.01825143729,34.59482682258063
9743.291037672112,24.75709700399736
14279.191161523248,34.0840234334754
14794.790952362644,24.82275449516596
10036.08175897261,33.190710519682085
8987.524484473264,24.82275449516596
7326.728430899921,20.98878429639096
11604.632379663148,25.442805384741487
7237.069809009081,34.87097908415335
13521.910460926332,25.9568290114522
9899.389649886894,36.895008747355305
14346.910299437106,38.061462197476885
9607.420887526034,36.36929448528463
3960.7541193922425,23.84441056974409
-1098.819828371047,37.21455824969987
15695.805463145483,38.296041677123725
-10103.924075965264,30.93066410111383
4873.903170252894,30.93066410111383
-10119.550203775367,30.88527758713494
9930.176085039036,22.876594638877435
12117.303287205883,33.9596994808174
14307.525232743563,38.77222685532345
-849.3356609478022,24.48031723822925
5920.908264161411,37.12391018969001
16037.714572977082,23.634277318491872
13084.792813569358,24.043591501893573
-3639.5539772658276,39.689354456040704
9855.060227088901,24.377349804657285
549.9976655498408,36.66915348581493
4726.2651827145355,38.061462197476885
7877.7732617432885,30.93066410111383
12524.709497428434,33.190710519682085
-8867.378615785194,33.2979334027342
-7506.689442051912,36.66915348581493
12763.370004946453,33.465850046515826
1619.2753376311618,36.18644355251131
16952.58681094787,38.59436571998607
12985.979106122408,34.87097908415335
12139.683843232855,33.9596994808174
3837.2376996194216,24.82275449516596
4353.628110462143,36.66915348581493
-9290.580648876947,34.0840234334754
12831.28888523216,39.70178544635895
13583.732123190503,38.30479248816428
7672.509246332884,25.975826758331387
11537.930439930817,25.6381268714252
8362.743088578783,29.199819087564737
9711.303802441362,26.55757221818568
10845.005053034682,34.78150641425992
2223.4597978211605,34.24810373671474
-7659.02464203842,39.16550782865332
7128.872708656225,36.36929448528463
-6177.261267735563,38.14609730811835
2460.750005272961,28.60821615898056
14837.793943726858,32.14515376327497
10900.626064283631,25.91532590252785
10242.312911182507,26.28022836679576
-13867.61397649689,34.78150641425992
10449.270811530761,38.14609730811835
-4391.14517254123,25.46180534860576
6673.694642479495,37.01842441720488
5673.922108543154,36.59621121258517
7422.990399709221,36.021807982956105
14667.475859258246,25.91532590252785
4260.229912227755,30.221990924441656
11046.84684582212,24.48031723822925
4791.924340922252,34.24810373671474
12856.471075525771,20.12142523431465
-7114.332520317784,38.30479248816428
11741.83469197449,32.14515376327497
-3119.609474963461,24.48031723822925
593.8974318770288,33.2979334027342
-4595.2171010756965,29.199819087564737
3435.4916708516894,35.43969589984596
-2049.11310328492,38.296041677123725
-5906.212465413824,24.75709700399736
-1356.5836848097874,38.59436571998607
7336.410478598749,34.78150641425992
5587.694614556961,30.93066410111383
14094.56345936305,32.03486507724899
8104.7001777244695,32.02921160100115
14575.299061197285,30.221990924441656
10185.70530736861,25.46180534860576
9923.596533601994,25.91532590252785
-8782.899481326225,23.634277318491872
-4325.231420049802,24.043591501893573
-8654.164955134474,36.895008747355305
8065.370206955172,37.31673442662566
-1427.5687038590277,30.93066410111383
12844.42968846703,34.87097908415335
11350.73188180121,25.91532590252785
8729.534494898195,21.445839558321627
5282.089207295204,39.63041727705111
-4442.64426020435,29.0419683726385
12433.054950437603,26.716134404846965
10421.137339640609,28.179167977526696
9960.430538200624,37.21455824969987
13284.649472183879,39.16550782865332
11546.430013202278,20.98878429639096
-4703.720901432263,25.6381268714252
9707.572709917238,33.465850046515826
3226.5888974507907,29.199819087564737
12025.131736449726,39.53053733424087
12202.326491154712,38.14609730811835
-7018.512868180424,36.18644355251131
8551.340708492622,36.895008747355305
10957.824660883196,36.36929448528463
9516.564192534075,37.79198604260468
-6488.933749894183,20.63169958684676
-9986.865752002355,27.23029492891736
-5749.706919058153,35.46200090328086
8247.90070913826,34.59482682258063
-3688.9606317434545,33.465850046515826
-2940.2156489677745,20.63169958684676
4769.13662083893,34.78150641425992
8045.335866290985,26.716134404846965
-594.0959689374367,25.442805384741487
11045.410447200036,38.30479248816428
11414.206527203965,25.6381268714252
13601.044130271095,26.716134404846965
3197.019267559413,39.16550782865332
9211.49883042574,30.93066410111383
15229.52512763714,24.043591501893573
10344.825535744463,38.77222685532345
9097.148064625793,26.55757221818568
1273.507669546455,20.146641489655405
7804.071290637472,33.465850046515826
14173.919625529748,30.518765731198098
7875.220143796379,35.46200090328086
-9701.576160289573,34.78150641425992
13086.554359029335,27.682115880587865
8851.146765047653,23.634277318491872
15204.627993703769,36.021807982956105
5658.923837875871,32.14515376327497
15759.848461156082,29.98075197420983
12927.019404676888,36.021807982956105
10189.13450917025,25.9568290114522
8522.551407044435,20.12142523431465
-2634.8564496954295,26.111065750636296
11549.21735551403,32.03486507724899
4819.152901777215,24.75709700399736
9283.308122543902,32.14515376327497
13996.392766927991,24.75709700399736
-2503.219738748312,33.2979334027342
12223.45373812094,30.019946390682776
11216.74241141875,20.98878429639096
7313.239263975229,24.043591501893573
3631.99134134045,24.48031723822925
11976.332400224293,37.01842441720488
12088.619792477382,36.021807982956105
15497.16187856039,24.75709700399736
-3049.2448910049497,35.48794104479353
722.4218696006101,36.59621121258517
7794.387402353017,38.14609730811835
1561.7424894767505,37.21455824969987
4520.369864227846,33.9596994808174
12059.67891715074,37.21455824969987
15964.015221479644,28.60821615898056
-2166.3087234159757,24.043591501893573
6194.404144093052,27.66410460043495
16887.11945364291,36.36929448528463
7754.490235485307,25.9568290114522
2013.6575770924455,39.63041727705111
7601.212240631119,20.63169958684676
-11326.19245918804,37.21455824969987
8563.919561000714,27.23029492891736
2419.9221857553994,38.35574790404051
-7872.149045564389,22.876594638877435
1971.2510318561326,24.48031723822925
2844.7574712512865,30.518765731198098
13082.06532483796,31.436060620423927
-9227.72493656698,30.518765731198098
696.9874900008804,24.043591501893573
-2546.60155020306,23.84441056974409
-8878.122559742855,36.18644355251131
9620.695550031945,28.179167977526696
16849.842649034046,35.30285648719705
12089.493210963781,38.14609730811835
13043.598631060984,30.09949130920913
11242.521395551881,37.01842441720488
16622.684151780824,37.424879126959546
5790.359743694292,30.019946390682776
9876.351715268205,22.876594638877435
11131.582618492881,30.93066410111383
10706.153723801459,34.78150641425992
-7077.034067584253,25.46180534860576
7809.140362500151,25.91532590252785
-13303.86787109367,33.465850046515826
-7548.373962584737,23.89434844644075
-5116.207110627949,20.98878429639096
8979.84019073832,23.84441056974409
10514.310634541278,30.221990924441656
3548.5691861488394,28.179167977526696
5475.925773670422,38.30479248816428
15241.97403203178,24.377349804657285
8299.454486206225,34.24810373671474
9216.129707473827,32.585451779770615
13972.032989400588,39.689354456040704
15383.512543312692,28.937925992166647
14570.832154976435,27.20170607688317
-3796.0395154730168,26.716134404846965
4826.727229838748,35.30285648719705
5387.3379912673045,25.6381268714252
6157.397567286185,27.66410460043495
11427.727262022041,27.66410460043495
14209.535342194918,28.179167977526696
12801.9350206544,33.465850046515826
2866.2167290773573,25.46180534860576
-2767.209798293641,38.061462197476885
16318.786442443023,30.93066410111383
-8077.681598420844,34.24810373671474
11233.058130398895,36.895008747355305
5044.598154564817,29.98075197420983
6558.3318931624035,36.66915348581493
14571.168674000844,38.59436571998607
15870.785335710094,38.061462197476885
3550.9756757099067,29.0419683726385
1905.682600172172,38.35574790404051
-7657.970113242925,21.445839558321627
13315.399984716143,20.12142523431465
6024.308093296444,20.12142523431465
-533.9868538103292,26.28022836679576
-12882.27486438002,33.9596994808174
-506.2142203397707,36.59621121258517
-10433.114379962219,30.93066410111383
10247.76019524348,24.377349804657285
6072.701347280881,20.12142523431465
10922.71471672734,30.88527758713494
12047.166089315884,35.46200090328086
13798.514795623903,28.937925992166647
10842.397954611093,23.89434844644075
5690.696118728792,32.02921160100115
5590.4439779087115,25.9568290114522
11337.650459474795,39.70178544635895
12927.81506889404,30.09949130920913
10565.716350723233,33.2979334027342
-2701.462843362995,34.87097908415335
-5117.621045908502,29.98075197420983
14169.817228634436,27.11781509568906
-790.1498889038326,32.02921160100115
13042.239755204495,38.59436571998607
6841.243556768521,27.682115880587865
4955.774154423545,24.82275449516596
-7467.276569165086,24.82275449516596
8324.328425253505,36.66915348581493
-9755.907867524984,27.66410460043495
15452.221802116355,25.6381268714252
12066.506753040661,33.2979334027342
1203.2868326728621,30.019946390682776
2209.9245037236606,37.21455824969987
14578.97861556051,38.59436571998607
14303.804897979646,30.93066410111383
14273.728429702325,25.91532590252785
-1619.4713794215575,37.79198604260468
14329.858238680532,25.46180534860576
7494.861772635717,38.77222685532345
-1477.1432592791987,25.975826758331387
-6280.750778287861,37.21455824969987
12566.90230520938,36.59621121258517
13382.631637794795,37.01842441720488
13386.089748300416,24.75709700399736
9056.22949927123,25.46180534860576
-10085.32357771476,36.021807982956105
4684.873578304079,25.442805384741487
-2938.8608838003215,20.146641489655405
14991.82554988716,38.061462197476885
13402.655413143679,36.36929448528463
2551.6952123770566,38.061462197476885
-2921.6150817988314,36.18644355251131
18053.558112313225,32.03486507724899
8417.816019454522,24.48031723822925
14364.680783577907,23.634277318491872
6157.016797009634,38.061462197476885
9547.729186802148,25.6381268714252
1367.9852037696583,39.63041727705111
6682.083020712153,30.09949130920913
9478.509829451506,36.021807982956105
2579.1227563038174,37.424879126959546
1936.7121376470313,34.0840234334754
14111.225072342611,35.43969589984596
12862.480507647304,25.91532590252785
8187.431667511721,24.377349804657285
10413.007559310397,23.634277318491872
9359.12258688546,35.48794104479353
6516.622609737642,34.59482682258063
11588.380342224185,26.55757221818568
5963.978984740032,26.28022836679576
-3850.574605315435,27.11781509568906
7059.58331463552,20.12142523431465
1939.3031386923453,26.55757221818568
-2851.482776043966,34.59482682258063
10188.532099800244,39.63041727705111
10927.994465666889,25.9568290114522
-2592.7157114477454,27.11781509568906
4124.1811809118735,20.146641489655405
-3259.0935854835006,25.91532590252785
4046.872622814643,32.03486507724899
1682.0629294016424,20.146641489655405
-403.0273703150656,30.93066410111383
14889.353642026254,24.75709700399736
10812.469015693225,27.682115880587865
1315.87478518653,39.63041727705111
1599.0687508454253,34.0840234334754
-4735.6541423573135,27.66410460043495
1700.2917073774042,27.20170607688317
13912.536512320043,39.70178544635895
14665.031956497218,23.84441056974409
9580.41111225528,39.53053733424087
-3320.9354435350274,25.6381268714252
14604.554616883393,35.43969589984596
690.2836532132593,37.424879126959546
8060.003288278318,33.465850046515826
12266.32626076845,20.98878429639096
11082.791689081034,24.82275449516596
13382.491223981222,20.63169958684676
10002.151536304606,30.93066410111383
3964.1178417733627,24.75709700399736
4415.101305389455,34.24810373671474
-1786.3469921518304,27.682115880587865
-9475.99883526101,25.6381268714252
11577.675371722642,20.146641489655405
6743.763199829954,26.111065750636296
6037.419144495409,34.084023433475394
726.8555814450483,32.03486507724899
13986.012407405828,24.82275449516596
8904.438892640002,34.24810373671474
11998.916225157638,20.12142523431465
9674.502045109935,35.43969589984596
-6334.521169956207,32.14515376327497
15030.207675301543,30.221990924441656
14359.154765764084,25.975826758331387
9177.524135026417,28.937925992166647
2951.5609415714644,34.0840234334754
2671.2785379963693,32.02921160100115
61.10108758348542,30.93066410111383
11079.374728935785,38.30479248816428
4943.953320202036,32.03486507724899
-4968.39566490957,24.043591501893573
6392.7459038659745,27.20170607688317
13494.469186555769,31.436060620423927
5431.620715656896,37.01842441720488
9009.003032296243,30.221990924441656
8693.138161416673,35.30285648719705
6674.837220503974,36.18644355251131
11884.202008135173,33.9596994808174
11803.767521051537,24.48031723822925
447.75026423781674,21.445839558321627
344.4511985914869,38.061462197476885
7130.8257593288,38.59436571998607
11755.632778768231,39.53053733424087
14770.25918442717,39.53053733424087
-10308.614938869927,26.111065750636296
4895.89958099077,20.12142523431465
11918.016046230405,34.59482682258063
-9093.154259056428,30.93066410111383
-5324.760162703242,31.436060620423927
12985.859879821019,27.66410460043495
-8422.262426136716,30.09949130920913
12830.69210684925,24.75709700399736
10318.998510885796,38.14609730811835
-4799.425120590669,39.689354456040704
4829.7679869993635,35.48794104479353
14673.257924903059,34.0840234334754
11727.767828668617,29.199819087564737
6607.756421419376,24.043591501893573
11234.967818271758,29.0419683726385
13239.463083561526,35.30285648719705
4208.858390909119,22.876594638877435
12860.875433411064,38.296041677123725
12445.190390533626,25.6381268714252
9737.948797696175,33.190710519682085
10071.865134189462,39.689354456040704
-7724.231327899555,34.24810373671474
-7994.708870224575,32.14515376327497
5000.036019579837,37.01842441720488
14284.978735859364,29.199819087564737
-2169.5145001854694,30.518765731198098
6110.600616475755,29.199819087564737
2106.6933691408067,35.46200090328086
7568.556518467562,28.179167977526696
9173.353907350345,25.91532590252785
12478.466475628258,29.199819087564737
8069.886931566054,30.518765731198098
10854.932979624558,34.78150641425992
4085.8239350630765,35.43969589984596
11348.050913724861,28.60821615898056
13019.366749169627,25.91532590252785
2733.191952843713,28.179167977526696
13524.588717837552,36.021807982956105
13221.641045191976,37.31673442662566
11498.449203234453,33.9596994808174
8831.586482248511,36.66915348581493
6919.857105206549,28.179167977526696
10478.11567058661,20.12142523431465
-8414.233225531585,23.84441056974409
10570.070097457654,39.63041727705111
-2317.896024161425,36.895008747355305
13718.413370249218,34.59482682258063
14602.185893145532,20.146641489655405
-7442.586283047278,22.876594638877435
-3836.5938875109073,29.199819087564737
-4182.364244086703,34.78150641425992
13736.674140073468,36.3573875871551
14511.502540205134,22.876594638877435
15921.591716878513,33.2979334027342
-2079.7219943688024,27.682115880587865
13751.13631065943,37.31673442662566
9470.93770531702,20.63169958684676
11971.859139946111,20.98878429639096
8085.9701815124345,33.465850046515826
9458.43172125657,38.59436571998607
8693.812918995547,36.66915348581493
10601.989078505474,30.93066410111383
10717.252912176624,37.424879126959546
12716.081785188124,38.14609730811835
11903.717182646946,24.043591501893573
5559.340550029936,32.03486507724899
10705.760054859067,36.66915348581493
-6646.088323715155,30.221990924441656
11750.015264211655,32.585451779770615
-10325.379292828977,32.02921160100115
-10879.302462703574,24.75709700399736
1479.5919587875292,38.77222685532345
839.5026140774371,25.975826758331387
9358.904686538233,24.75709700399736
17144.449616396618,27.20170607688317
10998.222324611686,26.716134404846965
9026.987418921843,26.55757221818568
8646.527889990284,30.93066410111383
1430.6214865024572,38.296041677123725
8216.993931150859,39.53053733424087
-320.3288650951308,26.111065750636296
-1603.8990227773838,38.35574790404051
10417.386252632165,34.24810373671474
10491.501731281794,28.937925992166647
14572.831809942181,36.66915348581493
-629.3772517185853,37.12391018969001
3182.7919213786126,33.2979334027342
-2328.349911930849,30.221990924441656
13854.730184804914,23.89434844644075
9830.525802211596,20.146641489655405
12658.058723878168,34.78150641425992
12896.932350430847,38.061462197476885
298.46325838374105,27.23029492891736
11375.414291881989,23.84441056974409
7745.025667688106,20.63169958684676
6236.191447210481,30.518765731198098
-6057.942979494461,38.14609730811835
1531.674576497236,36.021807982956105
16688.782949770706,38.59436571998607
12457.59641275091,30.93066410111383
-1897.2865901188993,33.190710519682085
14015.39454052411,36.66915348581493
11571.447956383468,37.424879126959546
14651.051877645052,37.21455824969987
12230.09306586835,26.111065750636296
10818.416002283642,24.75709700399736
11675.178849866956,36.59621121258517
5689.637719857402,26.111065750636296
11406.78171545258,38.296041677123725
12630.176262562876,27.682115880587865
-3969.6671080987912,20.63169958684676
10613.33340009328,38.35574790404051
9444.183103173957,25.442805384741487
10713.521132958178,24.377349804657285
1936.0846959564942,37.21455824969987
8525.041299100814,29.199819087564737
4036.913257531468,24.48031723822925
13299.817242172654,21.445839558321627
9044.330747134372,21.445839558321627
11769.81272375786,23.634277318491872
-10495.113901832987,24.82275449516596
-4303.817085554021,37.424879126959546
7864.741949400135,30.09949130920913
12129.828027750358,25.9568290114522
13626.462355033857,36.3573875871551
9173.143863690011,23.634277318491872
13459.169351921815,36.18644355251131
4785.054666974258,38.59436571998607
2518.1250105390873,28.937925992166647
15397.385597569066,24.75709700399736
-4112.600558446646,24.48031723822925
-11879.429307533483,35.46200090328086
-1297.952118819665,35.43969589984596
10310.309990246256,37.12391018969001
11979.655945300367,34.0840234334754
794.6291474626287,24.377349804657285
1323.8427542630557,25.46180534860576
-2277.3749303856575,33.2979334027342
7600.865690681694,25.91532590252785
3368.821000161929,29.199819087564737
-5601.998046354709,25.91532590252785
-3711.4804013072912,37.01842441720488
6817.498365131682,27.11781509568906
9651.899898209991,27.682115880587865
12866.950236996061,23.634277318491872
15767.74208134792,39.63041727705111
8241.82402125294,33.190710519682085
9294.263568998462,25.46180534860576
-1468.0768058751073,35.47153369004087
-10997.723820333893,27.23029492891736
-8411.710691234453,25.6381268714252
3706.9371769083577,33.2979334027342
9510.19069076608,33.190710519682085
10120.293655965754,33.9596994808174
1701.2955090250216,33.2979334027342
6910.549614198329,24.75709700399736
487.91147130467107,32.585451779770615
-1570.6558480427625,34.78150641425992
14001.503300914379,37.12391018969001
5783.951170525043,20.98878429639096
819.4509216726226,34.78150641425992
14937.971456046056,26.55757221818568
2164.2183872503488,30.88527758713494
13045.17914597544,24.377349804657285
6721.589587435359,20.12142523431465
11421.413084264641,31.436060620423927
-10729.923503649901,34.59482682258063
-6787.33621670843,21.445839558321627
3875.6454533377146,38.14609730811835
-4094.602794442658,33.190710519682085
8796.495294281018,30.88527758713494
13527.298607683038,37.12391018969001
11911.51259775733,20.98878429639096
-7736.620253489937,20.63169958684676
2623.696358984982,26.111065750636296
-9481.936021696185,27.20170607688317
8807.047194032688,39.70178544635895
8209.796842516982,20.12142523431465
2819.52525693481,20.12142523431465
-2612.9974360459887,28.937925992166647
6158.186424988432,25.6381268714252
10425.707137932768,34.59482682258063
153.40751958671285,24.043591501893573
5725.726593939849,25.9568290114522
-5502.206803285518,36.66915348581493
-380.23706925922124,24.043591501893573
-2473.257840901908,34.87097908415335
6680.296538171626,25.9568290114522
2011.2339156140297,22.876594638877435
10278.018708226064,32.585451779770615
-7283.67457844904,25.975826758331387
1308.291428733535,33.2979334027342
10676.406307123681,25.9568290114522
8811.003799216262,37.424879126959546
11628.981855130423,24.043591501893573
-4195.408419419401,39.63041727705111
-6372.712355015194,39.53053733424087
1478.416775245655,26.111065750636296
11132.909453569227,20.12142523431465
7007.921099181274,24.377349804657285
14159.737119976198,34.78150641425992
9303.767868408371,37.31673442662566
8817.05891661937,28.179167977526696
-10428.029700378262,29.98075197420983
12370.957391825385,23.634277318491872
2533.0972650652634,24.82275449516596
10484.70596003279,27.682115880587865
4311.255049757619,28.179167977526696
-2199.9540063972468,30.88527758713494
4709.391876607869,34.59482682258063
6498.361699309583,26.111065750636296
8912.199391507344,28.60821615898056
11460.34905403604,35.48794104479353
-594.0503492699145,32.585451779770615
13179.122929620436,25.975826758331387
3939.170521324594,25.91532590252785
-176.25872258756453,35.48794104479353
14579.699444576094,33.465850046515826
12059.162811691853,36.59621121258517
8705.063192996366,29.98075197420983
-3613.351846307935,30.09949130920913
-140.95911733085654,28.60821615898056
-1251.9581685912435,30.221990924441656
9790.960860919338,29.199819087564737
-10337.421458295601,20.12142523431465
7517.573197108183,32.02921160100115
4935.327520471864,32.02921160100115
16499.827684922457,35.48794104479353
10843.325101891574,34.78150641425992
-3884.2894364509666,28.60821615898056
14442.514001109615,36.36929448528463
62.488990043858394,37.01842441720488
11791.54053653734,23.84441056974409
1642.5747311506896,33.465850046515826
10962.312520489977,32.02921160100115
7909.99484962305,23.89434844644075
-9968.63779312448,39.689354456040704
-8874.082715629202,28.179167977526696
4263.895707666466,29.0419683726385
107.06799275222106,25.975826758331387
13615.187137999716,24.48031723822925
2838.369206522465,29.199819087564737
14700.793917043404,38.296041677123725
11241.999823374364,20.98878429639096
13954.673754912727,26.111065750636296
-7304.828299653083,20.12142523431465
14415.247175100467,27.66410460043495
5322.821629317963,22.876594638877435
-4472.798145970943,20.98878429639096
4023.5245643694343,36.3573875871551
13648.492100897794,37.31673442662566
10133.870660684308,38.30479248816428
-1688.3677864087426,39.53053733424087
-1254.238818407468,34.78150641425992
11926.542761320177,32.585451779770615
-722.9917967345255,37.79198604260468
3439.9136004265074,23.634277318491872
1249.2710909871557,39.63041727705111
10426.502975712234,39.16550782865332
12838.691249397296,28.60821615898056
8826.759405480529,25.6381268714252
7173.344589966311,35.48794104479353
15221.88138423885,20.98878429639096
-10426.623865823114,38.59436571998607
13515.957101981974,24.48031723822925
9960.424408070714,32.03486507724899
15800.70495427092,20.63169958684676
-9999.59913667707,37.12391018969001
-5487.662828709672,37.21455824969987
-7954.308911221353,23.634277318491872
-4400.6133611577125,27.66410460043495
9405.70223040779,36.66915348581493
9020.516814983517,33.2979334027342
14647.59430827046,38.061462197476885
7823.676025449482,34.78150641425992
8614.76547053838,34.0840234334754
-8381.111705135698,33.2979334027342
13711.79523813523,32.02921160100115
10691.847985745118,20.63169958684676
9099.181337377697,34.87097908415335
6863.353320276107,23.634277318491872
10579.189179226567,37.01842441720488
7318.205481313946,36.59621121258517
8819.941849033294,26.28022836679576
8131.944256257662,25.91532590252785
12368.466118399905,27.20170607688317
11942.849774128932,23.84441056974409
-714.003349435784,36.18644355251131
9138.031730262534,21.445839558321627
3391.021868656313,24.377349804657285
7098.933319218739,25.975826758331387
15143.240725942098,25.46180534860576
1206.6175069619999,30.88527758713494
5257.433212018319,37.79198604260468
10216.839397834234,37.424879126959546
11146.729827883712,34.59482682258063
10540.549676901428,26.55757221818568
1294.9626697041824,28.60821615898056
11757.93903522175,38.061462197476885
7996.718153409146,30.93066410111383
-1512.0340608309052,20.12142523431465
12462.02374410896,27.682115880587865
13382.854558318832,23.89434844644075
14870.144900956457,34.87097908415335
12715.564147399864,28.179167977526696
11370.469334014204,34.87097908415335
6933.185315709909,37.21455824969987
7274.876205793969,25.975826758331387
13455.146591806537,34.24810373671474
8272.95620453083,38.35574790404051
1950.2438528077946,27.66410460043495
7164.33734763782,25.6381268714252
14018.477292332951,35.48794104479353
11225.286779531241,25.9568290114522
6366.282859178864,38.59436571998607
10004.67296994082,36.18644355251131
10646.42827370888,34.0840234334754
10345.349904576398,38.14609730811835
-2419.3381656944434,37.12391018969001
-11473.370353376515,33.465850046515826
-3799.5348998964687,35.46200090328086
-1953.620571105229,37.01842441720488
-2212.2973200104157,26.716134404846965
7523.494861206485,34.78150641425992
-2830.797805151082,27.23029492891736
-1130.1489435113056,35.46200090328086
6956.090274580971,30.221990924441656
-8063.79741521252,39.689354456040704
12960.119570649087,31.436060620423927
-7183.675989247167,20.146641489655405
-8770.367950224478,38.30479248816428
7396.2912169038145,27.20170607688317
9194.359612802233,35.43969589984596
11988.85108234957,23.634277318491872
16071.6530891868,39.70178544635895
11395.086384508708,36.18644355251131
11942.184811620007,32.14515376327497
11580.445123271245,29.98075197420983
-1540.6760656531897,35.43969589984596
6589.705198087657,24.75709700399736
12971.992430089038,26.111065750636296
-2959.609490720577,31.436060620423927
15083.730169630608,35.43969589984596
9930.786421412073,32.03486507724899
-7398.448174410454,25.91532590252785
4107.651837429703,29.98075197420983
9073.192707878748,38.30479248816428
7608.625718436022,33.190710519682085
6005.028104133276,38.296041677123725
489.8953753492824,23.84441056974409
7923.219317760036,25.442805384741487
4413.949789021168,37.12391018969001
-11257.594468438716,34.59482682258063
-2087.613114184842,24.377349804657285
11559.356449195515,38.061462197476885
11514.477907826466,36.021807982956105
11686.029285134602,35.48794104479353
-1493.7465215230002,30.518765731198098
2779.0666335886235,26.111065750636296
8508.53374149236,35.47153369004087
9324.755161545758,34.24810373671474
10074.048229188666,33.2979334027342
-9177.472486576546,32.03486507724899
11540.259591173344,25.46180534860576
14408.117888274199,27.23029492891736
56.028839941128325,25.6381268714252
11721.861187331855,31.436060620423927
-7671.915461211373,35.46200090328086
13335.732621568855,37.424879126959546
149.97567581960084,33.2979334027342
10544.26197765522,25.9568290114522
12926.92187021516,36.59621121258517
8806.845065702357,34.24810373671474
13307.063023207353,30.09949130920913
-2275.6128750126513,23.84441056974409
-555.3231208649789,26.28022836679576
11386.268915086132,33.2979334027342
14410.624856571056,29.199819087564737
15273.974979011728,34.24810373671474
6957.359352800704,39.70178544635895
13869.508946273154,29.0419683726385
-7854.144095683727,27.66410460043495
-1341.2334990991728,39.689354456040704
3476.0617358126538,27.20170607688317
10766.1723254076,31.436060620423927
4297.725736118909,36.66915348581493
5195.335288959008,21.445839558321627
2321.447278384385,27.66410460043495
12851.40108852631,20.146641489655405
8408.391127142655,28.937925992166647
11225.221002326165,38.59436571998607
-2573.5692612102994,24.48031723822925
-8127.310823499807,34.78150641425992
16916.042026360763,36.895008747355305
-4751.792005487874,36.021807982956105
14074.545771086261,24.48031723822925
7775.784418728907,27.11781509568906
14204.414589827355,37.01842441720488
10349.538539417052,34.24810373671474
13345.156605050204,23.84441056974409
8755.717407052418,38.59436571998607
789.889867099464,27.682115880587865
935.4349188165079,28.60821615898056
-12238.855002623313,33.465850046515826
7762.42352546057,21.445839558321627
9028.903519055011,27.66410460043495
-8672.187137861163,38.061462197476885
4310.8818885875935,36.895008747355305
11205.507154394863,26.28022836679576
7068.916640244659,34.0840234334754
6815.8448610657415,36.021807982956105
-6849.258044911289,20.63169958684676
15078.576065156118,29.98075197420983
157.90488373979588,37.31673442662566
13000.817453760315,38.14609730811835
16336.19530092659,36.59621121258517
12729.805322298595,37.424879126959546
-8030.350887461517,38.35574790404051
6792.029525251035,32.02921160100115
5164.213004266545,33.9596994808174
3515.8355645299903,37.79198604260468
9101.877819661047,22.876594638877435
1747.2272229019281,35.43969589984596
14697.3293647543,37.12391018969001
-5856.312321231027,24.48031723822925
7375.233963903998,30.09949130920913
-10282.575495537687,27.20170607688317
13603.867738909476,39.53053733424087
-958.7512411485059,29.0419683726385
15627.749797424147,38.30479248816428
4697.4183802509815,28.937925992166647
8214.707349748507,38.77222685532345
14957.137597965482,29.0419683726385
14386.308064805356,37.21455824969987
11212.218689377212,30.518765731198098
1418.651771102629,35.30285648719705
-10866.318164449442,20.146641489655405
14069.024963494596,38.296041677123725
8809.494943268193,36.3573875871551
3500.1033024432945,36.66915348581493
-2348.384027529315,37.01842441720488
4297.6280486757605,38.59436571998607
12559.354943134651,32.03486507724899
11587.667754770839,35.46200090328086
10991.30397111599,38.35574790404051
9142.083089852482,27.20170607688317
-3944.066349837545,32.03486507724899
-6512.271462964399,37.424879126959546
12838.157623509513,38.35574790404051
5520.976515101341,23.84441056974409
16882.919791749846,39.53053733424087
4930.429342774458,34.24810373671474
10015.192172439514,37.31673442662566
7283.123485431063,37.79198604260468
14282.204502366129,29.98075197420983
3847.580288644974,30.221990924441656
13675.329638845276,32.03486507724899
12778.671333310962,32.02921160100115
7307.059121820006,27.23029492891736
16999.87042106981,26.716134404846965
8104.119530617075,24.48031723822925
6127.352615966527,29.199819087564737
-9335.296691372088,33.2979334027342
9724.033541174793,37.21455824969987
12584.737796391248,24.75709700399736
11254.569647544202,34.0840234334754
7934.356674781343,20.146641489655405
-429.4183433503108,24.043591501893573
-4324.403457521721,30.019946390682776
12023.504575426965,36.66915348581493
4936.661483110772,38.59436571998607
10343.475113017226,26.28022836679576
12294.04390400703,23.634277318491872
-10443.279863881353,37.12391018969001
-4968.53068774078,38.30479248816428
-2004.440030294133,26.111065750636296
430.2358870253146,25.442805384741487
11822.15142142437,22.876594638877435
7117.037078112071,22.876594638877435
16698.035744432713,23.89434844644075
-6265.083908599286,28.179167977526696
672.9083801192664,33.465850046515826
3060.3266593654957,34.59482682258063
10618.700967277086,25.9568290114522
-8293.30848298386,39.63041727705111
-7096.375164551766,29.0419683726385
10143.94806708072,33.9596994808174
-6590.814039958167,25.975826758331387
-8410.09484291147,33.465850046515826
-10710.448963679915,27.11781509568906
11522.835065947842,30.88527758713494
-1258.1222503744184,35.48794104479353
-5098.418304742745,24.377349804657285
9761.740466702619,24.82275449516596
5828.815404174431,33.2979334027342
-7106.067754039515,36.18644355251131
5490.398114448564,25.91532590252785
6881.148719389019,32.02921160100115
4283.637529746176,37.424879126959546
9438.81099455562,36.59621121258517
12044.121915096133,37.424879126959546
10731.262383688174,28.60821615898056
423.22869289372056,37.79198604260468
6915.448855441215,33.190710519682085
11600.043544553251,38.30479248816428
15614.802479813743,31.436060620423927
4551.995318766468,20.146641489655405
-449.1641450707939,25.91532590252785
6350.736879244625,36.021807982956105
-8516.337164680022,33.9596994808174
15512.735234884585,30.93066410111383
-5266.845793733881,34.24810373671474
642.9905890072951,36.895008747355305
12786.81641081355,28.937925992166647
12841.104233442693,33.190710519682085
3304.5323179345287,38.59436571998607
10165.969502993881,36.021807982956105
15170.018627487856,20.63169958684676
1023.8592088561181,39.70178544635895
9189.582464288205,37.31673442662566
-703.5915038823387,35.30285648719705
16988.007960927327,38.296041677123725
811.1322853014265,30.88527758713494
7260.636232409182,38.35574790404051
11079.30391262436,27.23029492891736
10458.738473065468,32.02921160100115
11123.661441035203,38.14609730811835
9637.8629308588,28.937925992166647
4861.438385559589,38.30479248816428
-6513.6991366694365,32.03486507724899
2196.6837217277953,37.31673442662566
-13483.961269112582,34.59482682258063
2158.3252770809286,24.75709700399736
-3115.848569324078,25.9568290114522
-2443.879711308613,36.3573875871551
10521.858153037472,25.975826758331387
7191.4063495721075,26.111065750636296
12945.14246827106,38.30479248816428
11971.101494399149,25.975826758331387
7516.217898402419,36.18644355251131
9877.975552084115,27.23029492891736
6633.182035125272,36.36929448528463
2137.2152041536033,22.876594638877435
12418.742661128785,28.179167977526696
-1732.0372248082017,25.975826758331387
4260.40513233837,30.09949130920913
15476.958535402271,38.77222685532345
-8464.693563176997,27.20170607688317
11916.78880623166,25.91532590252785
-3930.6971855177067,32.14515376327497
8210.587127176697,20.146641489655405
4666.7340139996395,36.895008747355305
10001.332639814702,24.82275449516596
8883.329134871547,36.3573875871551
-13132.81006623933,26.111065750636296
10840.671682756783,30.019946390682776
9299.617339990005,32.02921160100115
11782.417142669954,38.59436571998607
13786.787556761496,27.11781509568906
12613.447075243383,35.47153369004087
15339.908123283356,35.43969589984596
282.49834522745914,38.35574790404051
8931.31167125089,25.46180534860576
7440.899450858804,33.2979334027342
-1752.0440495420894,35.30285648719705
-2502.4101620553665,28.179167977526696
11015.064042637032,24.75709700399736
1626.025287068067,39.689354456040704
11177.946860710672,27.66410460043495
13346.95058893229,25.442805384741487
10467.893450468635,33.190710519682085
12609.348418356094,32.14515376327497
-12349.481164759754,32.14515376327497
12269.410103595808,30.09949130920913
1897.8307721697292,38.77222685532345
4344.463012147444,38.77222685532345
9969.144569090324,30.221990924441656
10969.31836268424,34.87097908415335
12158.348727894232,37.79198604260468
10182.912435171424,25.442805384741487
-345.04197738953997,38.35574790404051
4958.015351632575,39.16550782865332
-8557.029605696649,37.424879126959546
9827.472437852653,37.12391018969001
-7081.282873174425,25.6381268714252
6673.925635118703,28.60821615898056
4899.531054019079,27.23029492891736
9199.65415015351,25.6381268714252
4205.607115680209,23.84441056974409
13488.210174525733,24.377349804657285
-6556.399368354029,38.30479248816428
11228.039792657437,30.019946390682776
6794.368653147115,24.043591501893573
13118.679088021006,24.48031723822925
9192.006089890107,39.16550782865332
16186.627798117479,37.31673442662566
7272.64402467791,30.019946390682776
-3096.9662234082834,36.895008747355305
5877.946961757329,38.59436571998607
9786.995314871137,33.190710519682085
12968.388707404809,38.061462197476885
11035.899068231269,20.146641489655405
15833.137685171523,36.18644355251131
-12024.99127875622,20.146641489655405
11501.706957928167,38.77222685532345
-13057.022784656732,30.93066410111383
9649.533392563815,29.0419683726385
2729.6845946148596,35.47153369004087
8711.819846899634,26.28022836679576
12920.622114911645,33.465850046515826
12898.802948283019,20.63169958684676
13133.852843075983,30.221990924441656
-1369.6622397894373,32.14515376327497
-2869.05814516583,24.043591501893573
5741.903539823767,29.199819087564737
480.1704433316563,25.46180534860576
5616.422769966127,25.442805384741487
5559.199002395793,26.111065750636296
12587.82594797342,23.89434844644075
15388.399213246017,25.9568290114522
10764.539683547002,35.30285648719705
9426.384619753382,36.021807982956105
-4857.087209880566,37.01842441720488
9683.581043618142,20.12142523431465
3070.956722386943,39.70178544635895
-252.1602503641443,30.019946390682776
6686.403147245072,28.179167977526696
14702.125533300632,36.66915348581493
15275.102501482568,32.02921160100115
12287.603306260835,31.436060620423927
6784.5372386784,36.36929448528463
-5450.651497500796,27.23029492891736
-10596.848745885514,36.36929448528463
13628.417662286272,20.63169958684676
12705.489599331811,21.445839558321627
6287.99927881857,23.84441056974409
3002.0029932433945,23.634277318491872
-5106.57943955292,28.60821615898056
13951.387121778844,33.2979334027342
7605.147090864808,38.14609730811835
14441.915152936199,35.43969589984596
5283.892021584386,36.36929448528463
8715.06252339004,28.179167977526696
11684.349243369494,39.70178544635895
7689.941456977023,35.47153369004087
13286.672324839974,36.59621121258517
5816.093092719387,30.09949130920913
3260.039058982566,27.20170607688317
3847.468912779116,36.66915348581493
-1878.3562053134178,24.75709700399736
2737.4537759480518,34.0840234334754
7105.893050261825,38.061462197476885
8074.979991709331,33.9596994808174
14013.622201380602,30.221990924441656
6134.246408718502,26.28022836679576
-5548.816666277871,30.09949130920913
10000.46348079697,38.296041677123725
11159.431248077402,37.21455824969987
12394.607829353148,26.28022836679576
4583.568203058467,30.019946390682776
-3114.9585290421687,28.179167977526696
12244.38442304081,24.82275449516596
6583.96034918676,36.59621121258517
211.47588976568522,35.30285648719705
19.685428350113398,36.36929448528463
2338.612083772967,32.03486507724899
9036.111370340861,25.9568290114522
-7391.463531371524,32.585451779770615
3344.585098633006,37.01842441720488
-896.3461105842011,25.442805384741487
11439.6426391356,36.3573875871551
-3110.0293575021024,24.75709700399736
-3837.9702050392957,32.585451779770615
5058.775059888882,25.442805384741487
13901.176575858031,31.436060620423927
-7493.653487982363,30.019946390682776
-12840.9006526861,25.91532590252785
-1975.2978038192182,26.55757221818568
4749.245371488389,39.63041727705111
9627.402525457157,37.31673442662566
11558.735618645154,24.043591501893573
5932.075670044788,34.24810373671474
-1082.4938647691592,29.199819087564737
11197.739431094487,21.445839558321627
5362.005362808431,34.59482682258063
7765.25557458018,20.98878429639096
396.21514558769195,37.79198604260468
-4490.627709753848,32.03486507724899
5614.544182791852,28.179167977526696
12970.506249715598,35.43969589984596
12102.631375674317,35.43969589984596
10797.854908585916,25.442805384741487
11622.879051429623,36.66915348581493
9690.314925458084,39.63041727705111
7844.8483156173315,26.111065750636296
14692.321504564385,30.221990924441656
4234.088111660871,39.63041727705111
-2254.8211986649076,30.93066410111383
9625.520338908796,37.21455824969987
10564.17505654801,27.20170607688317
5863.6719608550175,30.93066410111383
2444.041353037317,32.585451779770615
-5081.377918749188,33.2979334027342
9730.410252497777,38.77222685532345
7483.126949685671,37.424879126959546
9077.933888576323,33.2979334027342
15600.185183385087,37.21455824969987
418.9418618006739,24.82275449516596
2976.823519856104,24.75709700399736
4870.9469499169,32.02921160100115
-7222.597749014734,28.937925992166647
13423.623175497,25.975826758331387
14648.648894865026,37.424879126959546
13747.277910167377,24.82275449516596
12346.124099218712,35.47153369004087
14486.463973441532,24.75709700399736
13128.096559752681,37.424879126959546
-3483.7749902550822,39.16550782865332
7100.886606152529,38.59436571998607
4552.586774473356,38.296041677123725
7018.86823409243,20.98878429639096
12352.160102669664,25.442805384741487
8916.237341830209,20.146641489655405
9426.350900057592,38.30479248816428
11141.476349251325,38.061462197476885
2330.399584675045,33.9596994808174
14152.088765512217,20.146641489655405
13789.826672830564,39.16550782865332
12737.676034400123,27.23029492891736
11591.183799535147,27.20170607688317
7687.214920933161,39.63041727705111
7578.334669075587,35.30285648719705
12634.57979982487,27.66410460043495
4802.464468431142,20.63169958684676
6210.937285443473,35.46200090328086
-6558.797835890931,37.01842441720488
11762.034108561218,33.190710519682085
-298.9734775752502,30.88527758713494
15175.317303482712,23.89434844644075
-4889.168941121847,32.14515376327497
7933.977413491882,25.975826758331387
11995.562548262555,28.60821615898056
-1629.6317860292752,39.70178544635895
13820.416707223249,23.634277318491872
-4255.218944844529,20.12142523431465
6117.041953613604,27.11781509568906
8572.493562691774,24.48031723822925
10851.45772882961,20.98878429639096
-6185.264528270366,20.98878429639096
-11028.45335153971,30.88527758713494
-5700.840433934787,20.98878429639096
-3956.472026036346,25.46180534860576
8964.874067785147,35.46200090328086
12312.142843655784,26.55757221818568
3614.7367543229857,28.179167977526696
-7827.2033459286895,36.021807982956105
11847.395453752602,32.02921160100115
4836.5380938653525,34.24810373671474
6882.031341791286,20.63169958684676
10748.77887011792,20.12142523431465
13662.345389387126,26.716134404846965
-5870.037248670163,39.53053733424087
12670.50976082282,30.019946390682776
15376.010540739775,37.01842441720488
4720.23533193884,24.75709700399736
9710.544415844204,30.09949130920913
-5547.578293540115,25.442805384741487
3736.225431558949,20.63169958684676
-4427.162697178212,22.876594638877435
11579.076899437883,21.44583955832163
8510.05164591177,29.0419683726385
-5455.459011796143,37.12391018969001
13899.941051810383,37.31673442662566
11132.758801251048,25.975826758331387
9765.6448421106,38.77222685532345
10396.129061137337,24.48031723822925
15315.69605107906,36.36929448528463
6106.541782732086,39.70178544635895
-4226.8750735782105,34.0840234334754
11123.424960934351,30.019946390682776
10835.614137793902,30.09949130920913
8474.776278004794,30.88527758713494
13399.288223965223,34.87097908415335
-9948.276579793011,34.24810373671474
-1768.258579620808,27.682115880587865
5957.218859435639,24.48031723822925
5873.435677341422,25.6381268714252
4198.282098687685,27.20170607688317
8887.032338298926,37.424879126959546
12977.639236719744,36.3573875871551
-797.7341257388377,38.77222685532345
4591.127937100796,27.66410460043495
15931.964715696497,39.63041727705111
-3029.0897097201178,24.377349804657285
10763.405736439938,39.63041727705111
7885.152997464664,30.518765731198098
8410.029239211075,39.53053733424087
12079.072845006449,28.60821615898056
14384.516847153222,38.35574790404051
14445.804184316197,38.296041677123725
8068.220443246591,38.30479248816428
15768.518761620577,36.59621121258517
-7711.96935436261,30.019946390682776
13412.501090434684,32.585451779770615
10277.881918850559,27.23029492891736
9810.92054474966,26.111065750636296
15988.135528923696,23.89434844644075
5331.079701301151,32.585451779770615
7754.124629329324,28.179167977526696
7962.281997806812,20.98878429639096
-6094.941678261603,20.98878429639096
7055.648434094035,24.48031723822925
10347.724573426962,32.585451779770615
13413.516486061173,38.30479248816428
7674.906645403915,20.146641489655405
16686.29113546556,34.24810373671474
4438.317116883209,32.03486507724899
4684.833617230841,28.179167977526696
7171.73680890793,30.019946390682776
9212.756727950551,28.937925992166647
9743.21508241511,26.55757221818568
2996.4291846126034,34.24810373671474
-3323.7523928022924,30.09949130920913
9873.967618030738,20.12142523431465
10195.818747906753,36.3573875871551
-6615.907564730797,26.111065750636296
9469.580328284432,24.75709700399736
12569.09820878007,35.47153369004087
17044.572111793936,37.79198604260468
12009.7525053248,33.2979334027342
11300.754489220119,26.111065750636296
3943.712643970228,39.63041727705111
12656.092733144918,38.061462197476885
12252.66449110781,34.59482682258063
8838.212781019189,38.30479248816428
9777.088117094558,20.12142523431465
-11437.069518310454,29.98075197420983
10799.016433705958,37.424879126959546
-4401.963847576805,25.6381268714252
2076.105703581731,35.30285648719705
-296.54380012444744,38.30479248816428
3378.945931294651,28.179167977526696
-3215.833708737443,35.47153369004087
13536.434245533008,27.11781509568906
7876.862167334183,26.28022836679576
9577.94347005936,22.876594638877435
10476.170424567383,23.89434844644075
-1702.8061579581863,29.0419683726385
10358.501694197706,37.79198604260468
8396.763547315926,37.31673442662566
222.2882080839945,28.179167977526696
-7725.0569757863595,34.59482682258063
-3422.5171393517094,37.21455824969987
12459.965853430205,36.021807982956105
3765.7597674102326,28.937925992166647
10401.19516626564,37.31673442662566
9372.327308154236,32.03486507724899
-2885.230319276526,30.88527758713494
11546.36421629126,22.876594638877435
-3558.8009134667327,27.682115880587865
11464.503010625664,23.84441056974409
718.4628476931975,23.89434844644075
6244.525499503796,24.377349804657285
-3551.5387491283504,28.937925992166647
-10334.583716635438,29.199819087564737
5558.645829857742,34.59482682258063
-6882.515116229726,23.89434844644075
9462.878968340494,36.18644355251131
3266.8832703880203,39.63041727705111
12904.937850834918,35.46200090328086
8187.247220864212,38.35574790404051
10003.476797957861,33.9596994808174
16269.465968112781,35.46200090328086
10727.614889484414,25.9568290114522
-2217.98843848645,34.87097908415335
4995.754462823395,38.35574790404051
14339.165129919496,29.0419683726385
-9980.778220239441,37.79198604260468
-7337.791949793177,30.019946390682776
9932.45319728704,38.35574790404051
12669.585528310523,36.59621121258517
1848.1840801675044,35.48794104479353
3372.3168626570387,38.30479248816428
10531.663288038158,33.9596994808174
9625.559080731315,36.3573875871551
-4249.519868677359,36.3573875871551
11576.923872636891,39.16550782865332
10179.218658255135,21.445839558321627
8734.627052771679,34.59482682258063
3474.4200657589645,38.296041677123725
-1173.9668670679607,26.28022836679576
-6062.426637072823,26.111065750636296
-3313.706589932441,30.09949130920913
8261.535942045342,36.3573875871551
12857.109122478447,39.70178544635895
-1229.4424448815353,26.111065750636296
9335.385356677158,26.28022836679576
14244.584524134461,30.019946390682776
-50.38246014042625,37.01842441720488
-4792.037028873322,28.179167977526696
-622.244705441432,21.445839558321627
-12209.641574659527,25.975826758331387
15333.98591238425,33.465850046515826
9097.99205152989,36.3573875871551
-3634.700086584847,28.60821615898056
4764.7786769377935,35.47153369004087
1085.313948565444,38.77222685532345
13024.540462863715,27.11781509568906
12918.763689706258,34.24810373671474
12357.622824590453,34.87097908415335
7068.85133029102,29.98075197420983
-4983.3151451164085,23.634277318491872
7563.28244142776,38.77222685532345
-12177.60341884287,35.30285648719705
12789.4942226131,35.48794104479353
2807.745615594264,38.35574790404051
13783.322318214345,39.63041727705111
17493.890128481948,39.53053733424087
-306.33569632451145,35.47153369004087
10935.160893305856,34.0840234334754
756.5591255584113,39.70178544635895
8464.740920998029,36.59621121258517
7341.023018979237,24.377349804657285
11109.856917022298,38.14609730811835
10622.856771149898,36.895008747355305
-11488.254593632917,37.79198604260468
10732.354620557384,34.59482682258063
13827.137026170698,23.634277318491872
4224.763350291595,25.442805384741487
-829.921647540679,35.47153369004087
1273.2795790738037,27.66410460043495
14432.373911596322,38.35574790404051
5101.733629518313,26.716134404846965
8613.93593996076,24.48031723822925
15269.960515552884,32.14515376327497
-5011.790957628813,36.36929448528463
-1366.7738746501452,27.20170607688317
10797.360319193911,33.9596994808174
-11721.101959649823,27.20170607688317
15864.39045016704,23.84441056974409
5136.435843730336,26.55757221818568
-341.11167465564813,20.146641489655405
382.9567621715578,32.03486507724899
8896.721180004015,26.28022836679576
6572.635984291936,23.89434844644075
2903.2664639737154,29.0419683726385
6210.3213731617725,33.2979334027342
4690.129268215238,37.31673442662566
8099.591295738793,24.043591501893573
10455.16281598406,35.47153369004087
2095.647988669659,26.111065750636296
-7835.716106940314,36.18644355251131
6271.3327621624485,32.585451779770615
3039.8992912059193,20.98878429639096
12154.711877776741,37.12391018969001
11969.364507646938,36.59621121258517
-5142.645146021588,24.48031723822925
12057.573136767898,29.199819087564737
7421.199310348729,34.0840234334754
-5062.862441608087,28.937925992166647
6215.2891437720045,29.0419683726385
-14136.63170110766,27.20170607688317
12631.317431372976,34.87097908415335
13703.583322026629,35.30285648719705
7349.545073203035,38.30479248816428
-2207.6998784036577,34.78150641425992
8042.476271320088,32.02921160100115
11609.171287710056,25.46180534860576
3636.796911526004,27.682115880587865
14684.699255691135,25.46180534860576
9038.266702108624,38.35574790404051
-626.9884246968495,36.021807982956105
7674.891103073824,25.442805384741487
6422.2514174339085,37.12391018969001
16722.19095358091,35.47153369004087
9227.94677517876,27.66410460043495
-1591.3458689517113,35.43969589984596
14633.095384669321,35.43969589984596
13396.617754227587,30.221990924441656
6092.062122336436,26.111065750636296
-8103.5258585341135,34.0840234334754
15988.278571067784,38.296041677123725
-2833.596555745411,26.28022836679576
-14588.908562812472,36.59621121258517
-13485.53121113414,25.46180534860576
9111.812110681956,30.88527758713494
1895.1095778142962,35.48794104479353
-7297.2408686439085,38.14609730811835
-1093.339428774626,36.895008747355305
14682.497913254636,20.12142523431465
12655.457440191107,20.63169958684676
5446.45752973148,27.11781509568906
11236.892538113207,24.043591501893573
-5937.336979849813,30.019946390682776
10142.564047513755,25.6381268714252
478.36721330277305,34.0840234334754
12074.380842194527,26.111065750636296
-13036.49315301698,39.53053733424087
-5550.5874289124895,24.48031723822925
15712.384636893166,33.2979334027342
8134.395226920936,30.88527758713494
11917.194058071127,27.20170607688317
11862.16764514873,38.77222685532345
10665.295283773803,24.48031723822925
9005.444906353003,25.442805384741487
3961.6730960635678,27.11781509568906
11506.241749014298,39.70178544635895
12232.751742552753,39.63041727705111
8121.185699278434,23.84441056974409
5388.503623779657,26.55757221818568
10869.59415238061,38.77222685532345
-565.644473995686,24.043591501893573
11844.502100724312,30.221990924441656
-7131.604096200206,38.14609730811835
-8346.62402618543,38.30479248816428
1972.7939469402672,32.14515376327497
12128.527844776465,25.9568290114522
16418.866833786105,26.716134404846965
14505.426426536562,38.35574790404051
13302.105819005606,34.59482682258063
11504.075717638432,25.9568290114522
14178.039034763373,38.77222685532345
2524.435855898768,30.09949130920913
3782.132467116333,37.21455824969987
8506.596588072092,32.03486507724899
-4742.53712689442,36.36929448528463
16078.055709714397,36.66915348581493
10736.698608220646,30.93066410111383
-11477.941435755618,30.221990924441656
4694.811553959919,39.63041727705111
-4494.313012534849,39.70178544635895
13440.662198090187,25.975826758331387
11709.046014877782,38.30479248816428
1472.9582693649545,37.31673442662566
-4573.010273051019,38.14609730811835
10762.49851581252,30.518765731198098
-2192.6496009100097,26.716134404846965
11923.52852736031,29.199819087564737
833.5219249513656,26.716134404846965
877.0420682608128,30.221990924441656
9942.003529765325,38.35574790404051
11709.130124010893,29.199819087564737
10657.767162286384,36.36929448528463
10744.95839106756,36.18644355251131
4330.645288886371,24.48031723822925
1029.6932776992817,39.70178544635895
-11535.47769508947,34.781506414259916
9556.780098428462,25.46180534860576
14778.823425958319,38.061462197476885
9148.352277595242,35.48794104479353
1158.681744325857,30.09949130920913
12701.818639396046,37.31673442662566
14182.581247292652,27.682115880587865
8591.255525248354,27.20170607688317
4850.261388297409,30.221990924441656
4420.150732600374,34.24810373671474
9417.228565660467,36.59621121258517
10473.715278796019,22.876594638877435
-1648.249978786945,25.6381268714252
10689.016482518302,27.11781509568906
2109.8274113738935,29.98075197420983
7649.89416998542,39.63041727705111
-13979.809024693206,38.30479248816428
11717.996268759947,30.221990924441656
-5442.038531929356,38.77222685532345
-11534.179582027818,32.03486507724899
-2037.138267698173,25.9568290114522
10986.89333545263,39.53053733424087
15587.771713987997,36.18644355251131
9327.825518285932,26.111065750636296
10642.51192176739,34.87097908415335
-8270.94430978523,35.47153369004087
-537.8655490974761,25.975826758331387
-12664.884992722617,32.03486507724899
9160.100982230237,38.77222685532345
11860.155052637747,27.682115880587865
-12543.161847845106,27.23029492891736
10823.131581946735,28.60821615898056
15988.05839366669,27.23029492891736
7617.236244838881,30.221990924441656
-464.6333691958673,37.424879126959546
9860.352004867475,36.021807982956105
-753.4392428324018,38.296041677123725
5607.110218609183,25.9568290114522
-2480.025011080786,38.35574790404051
10318.284788274384,21.445839558321627
9836.491581718405,36.66915348581493
6014.837432785581,30.221990924441656
-720.1209042657788,34.78150641425992
6908.286767031441,28.179167977526696
3712.3274250470386,38.77222685532345
12438.072073755131,20.98878429639096
16057.337024807894,30.221990924441656
5767.223965182375,29.199819087564737
6568.279468029714,25.442805384741487
7374.24068989091,26.55757221818568
-3841.1162863334757,32.03486507724899
9116.572016987815,30.88527758713494
-279.9449762219783,32.14515376327497
4523.180364155878,35.48794104479353
4177.9428324545515,39.63041727705111
-1818.5652343675874,34.24810373671474
14723.714233747574,35.30285648719705
13810.361605499535,30.518765731198098
9357.446011013271,21.445839558321627
-1026.6407984815746,32.03486507724899
12402.146751544215,37.31673442662566
9267.397942577236,23.84441056974409
10347.054178618448,30.518765731198098
-2492.3210678680434,34.0840234334754
515.5405243125233,27.11781509568906
5188.598534325351,39.70178544635895
1823.5831116852721,29.0419683726385
6494.655679993017,39.16550782865332
10232.829627583156,33.2979334027342
6624.106939461872,35.30285648719705
15270.158122651837,39.70178544635895
3685.4614209227493,32.585451779770615
6507.134619522708,30.019946390682776
-7642.768195746372,26.55757221818568
15086.783375176266,38.59436571998607
11305.030442244491,27.11781509568906
11727.152504952786,36.59621121258517
9992.093653634834,24.480317238229254
11178.9516579169,34.87097908415335
4373.605033699914,23.89434844644075
16756.19762319682,37.31673442662566
9528.563628996822,37.79198604260468
10645.554906643894,39.16550782865332
8068.618396421671,27.11781509568906
420.8982670031837,37.12391018969001
-7636.317474272485,33.2979334027342
14213.35703789559,30.518765731198098
12994.62878139269,23.89434844644075
5853.669643962828,25.46180534860576
4576.415252044835,39.63041727705111
8590.005050270533,33.9596994808174
6366.704384932338,27.682115880587865
1099.2171775992156,26.716134404846965
-13220.556449758951,32.585451779770615
-1985.0419646489245,36.021807982956105
16538.664471297383,38.59436571998607
2733.0169318898224,35.30285648719705
-4098.643816435882,24.82275449516596
-4319.336028014117,28.179167977526696
15691.636226011462,35.46200090328086
8932.585169423515,29.199819087564737
10873.251138230004,34.78150641425992
11365.056149709158,32.03486507724899
13735.361590043958,23.89434844644075
15583.528869496222,24.48031723822925
14848.567932221842,36.18644355251131
8746.895463157529,32.14515376327497
-7057.752060128293,37.21455824969987
-2262.2262639845885,24.82275449516596
12673.703610240857,34.87097908415335
8392.925919824242,34.0840234334754
-8527.684649356861,37.31673442662566
7931.856290980629,35.48794104479353
13370.375213563608,39.689354456040704
-1017.5876891347975,31.436060620423927
13215.200609141779,23.634277318491872
10404.563087767454,30.518765731198098
7168.708161378907,25.442805384741487
11475.494587886496,20.146641489655405
-1007.9501260128836,33.190710519682085
12252.64010294831,38.14609730811835
10273.345210970645,34.0840234334754
11304.948486986392,37.424879126959546
-798.8070611278574,36.59621121258517
3207.8680803702173,33.465850046515826
9146.085780684027,32.14515376327497
6334.86212627149,33.190710519682085
10324.906383446765,26.111065750636296
2560.247894174405,26.716134404846965
13871.05558569152,23.84441056974409
3403.8855361463334,37.21455824969987
-2908.121723057504,25.442805384741487
15909.357821709975,26.111065750636296
11049.910569972537,34.0840234334754
10030.000517298859,35.30285648719705
11596.809656176898,34.87097908415335
-6861.536541374349,23.634277318491872
-1365.6409020705787,39.689354456040704
-5301.770704721493,38.30479248816428
12199.824395992604,27.66410460043495
15177.6616371358,30.09949130920913
2729.7046257078073,34.87097908415335
-2937.6097758553524,30.518765731198098
-11617.93744743873,25.46180534860576
6121.992988739316,37.424879126959546
13828.308590961973,29.0419683726385
11647.35536035853,27.682115880587865
-6722.767308353414,20.63169958684676
-2157.3983918188633,27.11781509568906
4210.739982522512,29.98075197420983
1785.1591500452141,35.46200090328086
5475.379732774274,25.9568290114522
11395.709912546012,35.47153369004087
7151.886122570959,31.436060620423927
6664.7851158532085,29.0419683726385
6057.4258531815585,29.98075197420983
11829.630373320508,30.221990924441656
-7246.353225121531,20.98878429639096
9393.299392394647,32.14515376327497
6156.823909898263,26.111065750636296
9632.80566946017,25.975826758331387
8786.358806116172,34.59482682258063
6760.833612962577,25.6381268714252
14384.378101649521,36.3573875871551
10548.522794367205,35.43969589984596
-7454.352563146414,29.199819087564737
13150.098604801138,33.190710519682085
12275.081480729768,28.937925992166647
7272.509037165833,32.14515376327497
4137.856427193356,29.0419683726385
-2720.427510911843,30.518765731198098
2942.117020971893,34.59482682258063
13936.32787091484,23.89434844644075
11624.908917575145,30.221990924441656
13205.115087640042,37.21455824969987
9540.836736228614,20.12142523431465
1008.6813940798539,39.53053733424087
10242.044110753795,37.21455824969987
-818.6732224167408,34.0840234334754
7499.026838131049,20.98878429639096
-12071.552014245324,27.23029492891736
547.9076938777043,37.79198604260468
-5636.8032716526795,28.937925992166647
11293.771657517114,30.518765731198098
5011.153151522609,24.48031723822925
-1526.2562796520406,29.98075197420983
10623.032658280725,32.03486507724899
9120.100988825998,38.30479248816428
12978.257112273546,33.9596994808174
401.76956445834776,39.16550782865332
10370.512418538878,38.77222685532345
14061.454326082696,20.98878429639096
579.3951637990231,28.937925992166647
9884.50258258682,35.43969589984596
10927.973690978046,39.53053733424087
5524.419628451907,28.937925992166647
-4007.9083270188166,24.82275449516596
7337.781380182387,38.59436571998607
8941.357527888678,23.634277318491872
3961.0747981017175,25.46180534860576
-4853.509502595436,27.11781509568906
14914.03021417157,32.585451779770615
12577.219034895403,36.59621121258517
11790.678997657995,38.061462197476885
3189.0027171436354,23.634277318491872
-5540.889295835311,27.66410460043495
12858.740590747759,23.89434844644075
14840.700323191288,37.79198604260468
11023.536371778418,30.019946390682776
6848.175111545864,25.46180534860576
10806.553531738373,20.63169958684676
2298.6407454938576,30.93066410111383
6816.3648825624805,24.48031723822925
10970.007726195458,25.46180534860576
-11135.249642699819,36.66915348581493
8241.710009385231,38.77222685532345
682.2312649905061,24.043591501893573
-10716.39078252051,27.20170607688317
11370.711230295761,24.82275449516596
5265.038966934439,24.82275449516596
10329.2312258764,30.518765731198098
11355.41641548082,28.179167977526696
4930.076523389397,30.221990924441656
1521.0329048221943,27.20170607688317
8902.995538903682,29.98075197420983
-5053.537117254093,26.28022836679576
13483.121680198983,34.59482682258063
4358.593860344651,35.46200090328086
7527.703028922999,25.91532590252785
-2039.1783367587666,34.78150641425992
12811.347104875053,36.3573875871551
13095.534126772242,38.77222685532345
13784.39075534441,34.87097908415335
-1836.7163548672434,39.63041727705111
10620.359627765258,26.111065750636296
3863.246005363804,36.895008747355305
1697.2863129712168,28.937925992166647
5959.616587145309,37.01842441720488
-1003.6958386861779,37.424879126959546
11715.424179576887,34.78150641425992
-10760.593550177757,30.88527758713494
8320.735218648693,30.019946390682776
4685.593239017155,28.179167977526696
17746.439506422976,39.53053733424087
12249.91178826179,39.63041727705111
2844.0843096206627,30.09949130920913
12382.762867700914,38.59436571998607
249.6867934466784,26.111065750636296
9274.46925460793,20.98878429639096
-11001.548797048437,34.87097908415335
-748.4045198615577,25.9568290114522
1347.7181726938525,38.77222685532345
4551.783046463824,23.89434844644075
7261.452409993129,28.60821615898056
74.52109112361904,35.43969589984596
-11561.147493961711,32.02921160100115
2383.722714537478,29.98075197420983
-8061.023077603762,37.31673442662566
11837.524741165309,39.53053733424087
10458.859270213743,34.24810373671474
10599.907541140577,35.47153369004087
-4375.7547706735195,39.689354456040704
-5735.923487595117,27.66410460043495
3483.8789226026056,30.88527758713494
-11394.71331161875,27.23029492891736
11307.95676600155,30.221990924441656
9778.250772608257,32.02921160100115
12563.210854697196,38.061462197476885
-656.1453525450581,35.46200090328086
13098.112397961846,39.16550782865332
8705.74006292564,34.87097908415335
14859.2988781023,36.021807982956105
-3188.1035131685403,29.199819087564737
-808.8502904172519,26.716134404846965
7162.760444904027,35.43969589984596
205.50235169262396,31.436060620423927
-3285.5549419632184,22.876594638877435
10463.624761662548,37.21455824969987
4398.474251690768,25.6381268714252
-1845.6219485172805,38.30479248816428
-5060.605037027608,39.70178544635895
13846.04885517897,37.424879126959546
13370.83864308558,30.518765731198098
12552.801521122525,20.146641489655405
11781.66529608264,34.24810373671474
10526.391668819833,26.28022836679576
3249.444155141863,29.0419683726385
-10356.132173770624,32.585451779770615
13005.31942035552,25.975826758331387
13332.997484682204,36.021807982956105
3634.878410774753,27.682115880587865
-9431.73459921803,33.9596994808174
10008.664030810642,26.716134404846965
9383.758486215993,28.179167977526696
8437.754439087674,37.424879126959546
-7680.796907333848,20.98878429639096
-4720.531189201464,39.70178544635895
-4224.766549183859,30.019946390682776
13752.560587972606,36.59621121258517
12334.122498485694,24.043591501893573
298.6722988671754,27.23029492891736
6444.201107501597,32.02921160100115
11255.704814748911,38.59436571998607
6599.577811128966,34.59482682258063
8158.398135722185,26.28022836679576
13491.884438836329,32.585451779770615
12424.657550083497,27.23029492891736
8641.708959631447,27.682115880587865
-10621.709988181166,25.6381268714252
-2637.1206669518997,38.061462197476885
6320.095749913622,29.98075197420983
10485.924913843843,31.436060620423927
9485.687883939087,25.975826758331387
-1383.8189015994594,24.48031723822925
-5210.3529480461675,36.66915348581493
4946.700710749712,24.75709700399736
15360.280905154785,24.377349804657285
14033.113512026777,33.190710519682085
9973.354263104056,27.682115880587865
-3765.6104080670834,33.2979334027342
4169.674685116102,36.3573875871551
9691.652711758483,30.518765731198098
1193.2461437928127,38.35574790404051
4677.202159611099,34.0840234334754
1943.5820633968815,20.63169958684676
6248.255002077515,20.98878429639096
5231.760137178404,24.75709700399736
-8667.176757211491,20.12142523431465
-1925.797583341,27.682115880587865
2503.1844604098387,21.445839558321627
17224.828518781258,35.48794104479353
10981.352044791129,22.876594638877435
5361.2742709892555,26.716134404846965
-7672.233988039159,20.63169958684676
5328.504486631601,37.424879126959546
40.955088016303534,20.146641489655405
8990.493411773634,34.78150641425992
12486.218955470296,27.20170607688317
-11689.222257278232,38.296041677123725
10074.52046096358,31.436060620423927
13360.80964780242,24.75709700399736
-8253.71615688941,34.87097908415335
7149.962111581247,39.63041727705111
8336.231629197622,35.43969589984596
11061.533478949146,26.28022836679576
14023.759816831976,24.48031723822925
11179.20859564715,38.59436571998607
626.4663602224246,26.111065750636296
5.409319704174322,28.937925992166647
3235.98396006444,37.31673442662566
12117.735859155955,23.89434844644075
6667.5892194349235,33.465850046515826
-5579.2423158235015,37.31673442662566
3898.890735116524,25.442805384741487
11534.169223803381,29.199819087564737
-3531.8270490544664,34.24810373671474
-7410.386272053962,36.021807982956105
12500.08981225191,33.2979334027342
-1545.1217548461136,26.111065750636296
9124.341944270582,39.70178544635895
5606.480860031952,30.93066410111383
4534.6409458894195,39.70178544635895
16955.264451842104,34.87097908415335
14027.500596452099,36.18644355251131
9746.64794201512,36.18644355251131
12175.710395631893,37.79198604260468
10387.180951815884,32.585451779770615
9835.163097519868,33.9596994808174
897.7415947901957,21.445839558321627
10588.718946228248,38.296041677123725
7981.8901307603755,20.63169958684676
2177.418403392363,26.111065750636296
6457.694020304185,36.36929448528463
11408.834005595561,35.43969589984596
12702.192804488255,25.6381268714252
3759.8895407788386,35.47153369004087
12199.049445741564,21.445839558321627
2390.193378523183,30.09949130920913
6062.583005044573,32.585451779770615
5984.226480566376,34.78150641425992
13148.272473744046,27.23029492891736
12545.131772652632,30.221990924441656
-995.368100890189,26.111065750636296
8033.058852519258,30.93066410111383
5150.752753303825,30.518765731198098
145.12789275295154,25.9568290114522
15310.355199331552,29.0419683726385
13318.661857003088,25.9568290114522
11467.020899741574,22.876594638877435
8035.357512860473,33.9596994808174
9044.621873654592,36.59621121258517
16108.647365905392,37.31673442662566
-8503.353115085018,30.09949130920913
5780.208230385967,24.48031723822925
13449.912498934866,29.0419683726385
14731.106178937622,20.12142523431465
12784.989558959562,22.876594638877435
9036.244844155066,29.199819087564737
8509.87561691736,28.60821615898056
11683.933113486637,38.59436571998607
6800.922816905935,34.24810373671474
12222.607900176801,25.442805384741487
15118.599330883155,26.111065750636296
10227.51755692217,32.585451779770615
-7489.477331591859,39.689354456040704
1654.3501231508988,33.465850046515826
9278.225279036225,38.77222685532345
11174.89097343309,20.12142523431465
10192.450811668665,22.876594638877435
9581.345203884986,21.445839558321627
12892.568802325193,35.47153369004087
15468.130090663462,21.445839558321627
16346.16770948488,36.3573875871551
-4510.095637699422,29.199819087564737
-8322.05256451845,37.21455824969987
-300.3723529888978,35.43969589984596
1088.0539275016376,26.111065750636296
2078.188266046506,26.111065750636296
9018.444620540777,37.79198604260468
9662.542729079963,26.55757221818568
10207.416477539093,30.221990924441656
5417.044397376267,35.43969589984596
6173.531301807477,38.30479248816428
-6059.842399691458,25.46180534860576
8993.755252495765,36.3573875871551
1803.623687216711,29.199819087564737
12679.983210763694,38.77222685532345
9629.086952737776,25.6381268714252
-6950.16355822707,35.48794104479353
-6328.439617517012,30.93066410111383
14601.291647681068,32.14515376327497
2549.3227728001975,31.436060620423927
-2991.3167322257577,38.296041677123725
6233.332796701638,28.179167977526696
-1230.4930209995032,39.63041727705111
6178.487423096099,35.46200090328086
-10060.942490535264,24.75709700399736
1215.44015978076,33.190710519682085
6907.7676875906145,35.46200090328086
-9466.144496384115,23.84441056974409
-1490.7835475435772,26.28022836679576
6109.845954031629,20.146641489655405
2427.8510431532272,23.89434844644075
-910.9282428670301,21.445839558321627
11004.913853256076,32.02921160100115
12960.271932766405,32.02921160100115
-12803.921907249496,31.436060620423927
11134.082182865253,29.98075197420983
11328.001064838085,39.53053733424087
5651.594050353862,30.019946390682776
-2810.8753758383555,33.9596994808174
-2800.2682612498775,25.9568290114522
9526.82184511822,32.02921160100115
1392.2455532806475,25.91532590252785
169.31102462738227,25.6381268714252
10756.562478746402,23.89434844644075
-6882.098809501835,22.876594638877435
-10028.986840446883,23.634277318491872
16801.29460589073,34.78150641425992
-2339.5614667857926,20.98878429639096
13215.474761508802,25.6381268714252
15173.386688359762,26.28022836679576
10060.895725218645,33.465850046515826
13837.839477951875,25.46180534860576
9633.6759804775,27.11781509568906
11295.675304338807,34.24810373671474
-231.5635325104122,39.53053733424087
-1646.1573490441797,37.01842441720488
4357.522781875952,20.146641489655405
3189.8040595001426,20.146641489655405
7467.235306690907,25.46180534860576
14170.061069796833,37.21455824969987
5939.598784840762,23.84441056974409
13794.47633068814,39.16550782865332
7343.401115218663,38.061462197476885
9958.342333340628,39.63041727705111
10366.303609661285,35.30285648719705
8518.909744260223,37.424879126959546
-3847.06605134908,35.30285648719705
10960.42179218544,20.98878429639096
11691.358032043885,36.021807982956105
5415.552089693656,25.9568290114522
1872.1744334250088,20.146641489655405
15671.675599759174,21.445839558321627
-64.09124550254263,34.78150641425992
15364.729317108246,38.77222685532345
5591.332617406487,24.75709700399736
-10912.114805298288,32.14515376327497
10479.975224011812,32.02921160100115
-8238.17240537502,33.9596994808174
7979.891119244703,32.02921160100115
14883.803637842018,34.24810373671474
12486.262449584661,28.60821615898056
8994.889743725942,32.03486507724899
7513.020306327063,22.876594638877435
11022.032462665557,33.2979334027342
2790.220362105415,32.02921160100115
2499.7767328982704,27.682115880587865
-5826.053793861811,24.75709700399736
11770.797309703157,30.221990924441656
7547.019569662298,28.60821615898056
14144.290309894575,39.53053733424087
-9203.62381417134,35.30285648719705
765.1602504407547,28.60821615898056
10746.560707771067,35.46200090328086
13720.528791732218,35.48794104479353
10374.65285642739,30.019946390682776
9472.12720199865,36.021807982956105
-3729.383257767562,33.2979334027342
-7820.176119385215,20.63169958684676
10595.643251773708,32.03486507724899
6987.446730690121,25.91532590252785
12450.107910587587,29.98075197420983
-4106.502828845864,34.0840234334754
-907.2962306836544,28.179167977526696
6276.966080629796,35.48794104479353
1760.0956185561333,38.14609730811835
3921.3608568391955,36.36929448528463
2612.0887447389487,35.46200090328086
11519.146904511152,34.0840234334754
9303.042154737115,27.11781509568906
10442.394141013558,36.59621121258517
16135.872533433365,38.77222685532345
12065.297086169432,36.66915348581493
11918.861106797762,26.28022836679576
13518.61527675511,34.78150641425992
12894.04258460162,30.518765731198098
15793.013344969178,30.88527758713494
-10796.873590107021,33.9596994808174
9184.697875838652,37.31673442662566
9825.99173568733,27.682115880587865
9904.869526846065,27.11781509568906
6457.473427301517,37.12391018969001
7362.886675581926,32.585451779770615
4821.467339318768,36.021807982956105
1591.7267164021139,39.53053733424087
8453.007638471327,28.60821615898056
12790.527771263449,38.35574790404051
14942.96619676704,38.59436571998607
2803.2975140331346,27.11781509568906
6492.699710021132,29.199819087564737
12912.490615091636,31.436060620423927
12075.849209250087,32.585451779770615
-2464.2724010486318,36.59621121258517
8490.742804238569,26.716134404846965
11742.316894790121,28.937925992166647
-599.9292587229584,36.36929448528463
8877.088914291056,30.88527758713494
10673.66114149539,32.03486507724899
3248.1425672668447,25.91532590252785
10166.61502392314,38.30479248816428
5787.802489520314,35.47153369004087
10091.852657706586,36.3573875871551
10831.960563030516,27.23029492891736
10963.22995013267,26.28022836679576
-8266.39354578046,29.199819087564737
-1747.0941104926596,36.021807982956105
4359.051815329116,39.70178544635895
13439.995939583414,35.47153369004087
5866.963356328971,24.377349804657285
2423.031649822853,39.63041727705111
-11320.468013352147,25.46180534860576
10782.148205326292,30.221990924441656
7711.95315334503,30.88527758713494
7129.984377073695,37.31673442662566
14414.153481231897,38.061462197476885
-699.5747924762272,34.59482682258063
13564.938831194162,34.87097908415335
7226.128551486578,25.91532590252785
-465.76196575964786,39.63041727705111
-255.00658756397434,30.019946390682776
14195.812711085606,24.377349804657285
12274.55641042017,20.12142523431465
-3975.444703582867,36.59621121258517
7251.770740210629,38.30479248816428
-9204.182710690686,33.190710519682085
10459.892554045802,24.82275449516596
4642.795915142331,38.296041677123725
11208.46425886103,35.47153369004087
4555.234509623984,38.35574790404051
-2641.303195255772,29.98075197420983
5249.546477339707,24.82275449516596
-8842.174798745435,36.36929448528463
9089.334892613642,26.55757221818568
9037.064169647976,37.424879126959546
-4037.663389092721,20.146641489655405
8733.834719704904,36.59621121258517
15580.221463909595,24.82275449516596
9360.244316964923,24.377349804657285
6099.451305704291,38.77222685532345
11382.932026991602,22.876594638877435
-2475.3027051083054,25.6381268714252
-1338.1938080211494,26.55757221818568
-2243.8004045424404,36.59621121258517
12954.664225009561,26.111065750636296
2283.875658149863,24.377349804657285
-12333.774146640288,25.9568290114522
-975.7170929677156,25.46180534860576
-5854.978910070347,25.9568290114522
13937.97503922615,39.70178544635895
-5737.9861561112775,29.98075197420983
14971.51739899284,20.12142523431465
13164.692138868062,23.634277318491872
10974.343861277808,26.55757221818568
15199.471609144372,27.66410460043495
-580.5120137178774,29.199819087564737
-7258.061897728862,34.59482682258063
-8658.706006163957,25.975826758331387
5192.697708438727,26.28022836679576
762.3558488232302,26.55757221818568
12418.497668648628,33.190710519682085
-520.5526647448032,35.46200090328086
13812.163954082023,35.30285648719705
-10410.702762401654,37.31673442662566
2926.7057800621883,28.179167977526696
-864.7741808700916,34.24810373671474
12172.357430755786,38.061462197476885
11539.562328262984,36.59621121258517
252.00998209908266,27.66410460043495
11443.740102353031,27.11781509568906
-1282.0895508149115,36.3573875871551
-10350.31785282809,38.35574790404051
11986.740359074303,23.84441056974409
13364.284395941497,32.02921160100115
8524.05357688654,32.03486507724899
-4419.603230543778,26.55757221818568
11315.276396508252,35.46200090328086
-3522.1932784820747,20.63169958684676
15352.75745130031,24.48031723822925
7904.81975669344,24.75709700399736
7948.748187703659,24.48031723822925
3021.6743955591737,38.14609730811835
-10445.276874629531,37.12391018969001
-12813.47942980716,38.296041677123725
8094.354908639699,36.66915348581493
14001.330206971132,38.296041677123725
13540.660278559113,36.36929448528463
12092.541672289215,23.84441056974409
12136.134725616646,27.11781509568906
2064.3928411802426,38.296041677123725
11482.670650956818,33.190710519682085
17000.05312839197,32.585451779770615
8647.231873592998,34.78150641425992
12386.979390855084,36.66915348581493
5303.710015871545,39.70178544635895
15466.66000018534,37.01842441720488
-10087.997284649144,33.190710519682085
-1041.4330362638452,25.6381268714252
8363.639416881964,34.59482682258063
5495.576043525267,27.682115880587865
7410.6505945434965,34.87097908415335
2542.2053435362996,38.30479248816428
-5224.374621260236,25.6381268714252
6880.0004593395915,34.59482682258063
-974.331375234322,36.021807982956105
4108.978234289922,34.87097908415335
9998.53125842282,23.89434844644075
4841.209286575644,38.14609730811835
-507.51805896144924,39.70178544635895
12539.2823708518,20.98878429639096
-3315.3500953116477,27.682115880587865
9656.016060240892,28.60821615898056
-13648.093331638818,26.55757221818568
15818.515421279895,22.876594638877435
7920.485548149511,25.442805384741487
11153.218385931355,35.30285648719705
14233.40429847891,37.79198604260468
15621.43797266097,27.682115880587865
7280.961369234194,25.6381268714252
9976.886479195031,33.465850046515826
-10280.011367040526,25.9568290114522
12041.071509663507,28.60821615898056
-4458.518454972971,25.46180534860576
-967.2001667392924,37.79198604260468
7824.609153831143,27.20170607688317
-2612.1452052515306,36.18644355251131
5245.532773822304,36.021807982956105
3806.9400741101435,36.3573875871551
11182.383630101403,28.937925992166647
-2689.2484644693322,37.01842441720488
8060.778757575661,32.14515376327497
9063.958051829888,26.28022836679576
8248.509267891433,20.98878429639096
1908.0574516905785,33.2979334027342
11470.871709027626,36.3573875871551
3009.9053694663007,27.20170607688317
17587.820234045124,37.01842441720488
3537.0441834086196,38.296041677123725
5254.98327782256,25.442805384741487
13251.796124714223,27.23029492891736
12933.603509123857,30.221990924441656
-2272.730205353273,36.18644355251131
12782.987585488763,38.14609730811835
-977.5573376277107,24.48031723822925
11386.107744648452,26.28022836679576
3945.6586003801967,28.179167977526696
11734.285352171471,26.716134404846965
14306.443755528338,27.11781509568906
2585.944780717798,27.682115880587865
9040.017690630986,39.689354456040704
4408.095772843225,34.87097908415335
7804.033088216031,39.70178544635895
10301.233664115598,29.98075197420983
13256.204427055556,25.975826758331387
9625.889882987745,38.296041677123725
-8327.043117056572,36.59621121258517
-791.9556926806627,33.190710519682085
15438.496699276136,38.59436571998607
12276.784396042098,30.93066410111383
14354.537308682053,32.02921160100115
11493.896770528727,35.48794104479353
2589.0297210408735,32.14515376327497
-7847.540112273975,29.0419683726385
10382.449191923975,36.36929448528463
-6546.231742872156,39.16550782865332
-5515.162983418088,28.179167977526696
14197.70112326564,24.82275449516596
-9152.680622117434,30.09949130920913
-3922.0333376896324,30.221990924441656
4673.300698328114,30.88527758713494
13875.418462530806,38.30479248816428
5411.078784665921,29.199819087564737
12992.979385718729,23.634277318491872
-1261.588890974892,36.895008747355305
6391.275179877648,27.11781509568906
13255.228920903697,26.111065750636296
-14046.897553530765,32.14515376327497
1102.0423949786348,24.48031723822925
-10432.744997357446,35.47153369004087
11354.828334753947,29.0419683726385
8102.539028398681,34.24810373671474
2616.9716909760455,30.518765731198098
7761.371546857894,32.03486507724899
-11023.69297263978,29.98075197420983
-3957.206368983697,25.442805384741487
-4158.303525205429,30.518765731198098
-5787.3667432784705,25.975826758331387
-2339.935222297189,35.43969589984596
-8977.888293128372,30.019946390682776
9991.247568290315,27.682115880587865
-11919.556312740182,34.87097908415335
13527.36931696687,32.14515376327497
-1863.0717631371954,34.87097908415335
6887.2415583682805,23.84441056974409
-3378.0037507161533,24.043591501893573
12003.286960241983,25.442805384741487
4633.449006975751,22.876594638877435
10337.531249234624,35.47153369004087
-7381.493925310397,32.14515376327497
655.4226990587022,24.043591501893573
-8410.27116671442,36.36929448528463
14016.312463955535,36.021807982956105
9064.973623050999,36.59621121258517
3706.001346948924,24.377349804657285
-5093.381629317297,25.46180534860576
-5644.630755131317,37.01842441720488
6473.012943568503,29.0419683726385
6024.781993137951,24.75709700399736
16744.688965483154,34.87097908415335
-6842.269058914224,23.89434844644075
9792.730211343682,27.23029492891736
16691.679790524457,34.87097908415335
-5334.150506133236,39.63041727705111
-2884.145014930018,32.14515376327497
12871.442157362399,24.377349804657285
12424.730035674518,30.93066410111383
15143.820060784972,37.01842441720488
14908.001893274837,38.061462197476885
12067.145659752377,34.59482682258063
-10465.527343751566,29.0419683726385
-2404.7086045567958,30.019946390682776
12405.736760910251,21.445839558321627
8020.849583135885,39.689354456040704
5154.884745304561,28.60821615898056
2106.636534479541,29.98075197420983
9330.548538588875,27.682115880587865
4435.208732978364,26.716134404846965
-3631.8261829776793,25.9568290114522
7183.953828249754,28.937925992166647
9396.909507443357,39.70178544635895
-4343.849070363897,37.79198604260468
6722.465701282696,35.48794104479353
11514.92045187104,33.190710519682085
-8864.764278359624,23.634277318491872
11317.625626545605,22.876594638877435
10316.270840305464,27.20170607688317
15329.388858197892,38.35574790404051
12179.926393936192,39.16550782865332
11157.253583050104,28.60821615898056
10905.919559330665,20.146641489655405
7291.725179354574,32.03486507724899
8640.713339233129,36.895008747355305
-2508.273108452453,32.03486507724899
12140.474804010351,34.24810373671474
-1204.2916377212687,39.16550782865332
-2133.620668611238,30.019946390682776
11117.233510096126,22.876594638877435
4671.973176720807,39.53053733424087
-2554.1180999762546,25.6381268714252
-5967.72175898197,20.98878429639096
13616.473960759857,36.021807982956105
4229.726468070005,30.93066410111383
-4663.983110927946,24.377349804657285
10842.222601406618,24.377349804657285
7773.33035030551,22.876594638877435
12771.149538304708,38.77222685532345
13404.18721837211,27.682115880587865
10945.520396438571,39.16550782865332
16360.662100734924,36.66915348581493
4828.248658422823,33.190710519682085
9293.770081156652,38.061462197476885
9557.930768724711,36.895008747355305
-9809.04273211508,30.93066410111383
12060.440954858816,21.445839558321627
12957.864360653086,24.043591501893573
-2607.578141899304,26.716134404846965
13654.889818835438,34.0840234334754
15915.968150129203,33.2979334027342
-7768.771519636527,36.3573875871551
2652.806677896717,27.66410460043495
15508.59627346084,38.296041677123725
10999.251730927239,38.35574790404051
-6866.582098841331,24.377349804657285
5391.188630932819,34.0840234334754
8997.024137240815,20.63169958684676
6262.222340344385,37.424879126959546
10666.00463107823,36.66915348581493
-6758.931055361693,34.0840234334754
-2321.506418370962,26.55757221818568
11657.802443019827,29.0419683726385
-1754.4734056017269,34.59482682258063
5372.2009004037445,30.93066410111383
-2089.655117360613,35.43969589984596
4894.825900830772,36.36929448528463
